V51	postgres	EarnedValue										
n	n	n	n	n	n	n	n	n	n	n	n	n
ElemID	PeriodID	UnitID	BcwsCum	BcwpCum	AcwpCum	Bac	Lre	BcwsAdj	BcwpAdj	AcwpAdj	ReprogCost	ReprogBudg
5	12	15	98898	98898	177790	102517	181409	0	0	0	0	0
5	12	9	39339	39339	37340	43339	41340	0	0	0	0	0
5	12	12	19200	19200	22135	19200	22135	0	0	0	0	0
6	12	15	91871	91871	140442	106605	155176	0	0	0	0	0
6	12	13	161019	161019	157025	178178	174185	0	0	0	0	0
7	12	15	0	0	0	93296	38937	0	0	0	0	0
7	12	9	0	0	909	18000	8909	0	0	0	0	0
7	12	13	0	0	0	66740	26270	0	0	0	0	0
11	12	15	102046	102046	159042	106621	163617	0	0	0	0	0
12	12	12	31700	31700	0	31700	0	0	0	0	0	0
13	12	13	3806	3806	0	3806	0	0	0	0	0	0
16	12	12	24738	24738	21085	83738	51085	0	0	0	0	0
16	12	10	0	0	0	75000	25000	0	0	0	0	0
17	12	15	42556	42556	74328	44844	76616	0	0	0	0	0
18	12	13	6992	6992	0	6992	0	0	0	0	0	0
19	12	15	0	0	0	5779	5177	0	0	0	0	0
23	12	15	152005	152005	194072	164864	206931	0	0	0	0	0
25	12	12	89360	89360	0	89360	0	0	0	0	0	0
26	12	15	0	0	0	58205	28764	0	0	0	0	0
28	12	15	134715	134715	187949	151260	204495	0	0	0	0	0
29	12	12	98254	98254	0	98254	0	0	0	0	0	0
30	12	15	0	0	0	91496	36574	0	0	0	0	0
32	12	15	25659	25659	43515	25982	43838	0	0	0	0	0
33	12	15	8730	8730	15252	18416	24937	0	0	0	0	0
35	12	15	0	0	0	1381	722	0	0	0	0	0
36	12	15	0	0	0	10620	2166	0	0	0	0	0
38	12	15	105014	105014	183136	108425	186547	0	0	0	0	0
41	12	15	0	0	0	10771	7630	0	0	0	0	0
41	12	12	0	0	0	100000	50000	0	0	0	0	0
41	12	10	0	0	0	50000	25000	0	0	0	0	0
42	12	12	161818	161818	161818	189818	196818	0	0	0	0	0
42	12	10	170166	170166	170166	192666	175666	0	0	0	0	0
45	12	15	51368	51368	89660	57345	95637	0	0	0	0	0
47	12	15	0	0	0	26541	13526	0	0	0	0	0
47	12	12	0	0	0	0	2500	0	0	0	0	0
47	12	10	0	0	0	300000	150000	0	0	0	0	0
48	12	12	159906	159906	159906	164906	164906	0	0	0	0	0
48	12	10	161494	161494	161494	318494	311494	0	0	0	0	0
51	12	15	36720	36720	63483	42697	69460	0	0	0	0	0
52	12	10	107430	107430	107430	507430	272430	0	0	0	0	0
55	12	15	0	0	0	27052	13526	0	0	0	0	0
58	12	15	281826	281826	524600	300443	543217	0	0	0	0	0
58	12	13	88319	88319	54493	115795	68058	0	0	0	0	0
62	12	15	0	0	0	41153	41643	0	0	0	0	0
62	12	13	0	0	0	68174	34087	0	0	0	0	0
62	12	12	0	0	0	588000	376500	0	0	0	0	0
62	12	10	0	0	0	384328	269328	0	0	0	0	0
63	12	12	2048	2048	2048	40148	17048	0	0	0	0	0
64	12	10	32000	32000	32000	392000	157000	0	0	0	0	0
64	12	12	46348	46348	46348	296348	106348	0	0	0	0	0
68	12	15	18568	18568	52447	20895	54774	0	0	0	0	0
68	12	13	74343	74343	67427	88781	75264	0	0	0	0	0
69	12	13	7219	7219	23100	7219	23100	0	0	0	0	0
69	12	15	88206	88206	146296	89820	147911	0	0	0	0	0
70	12	15	0	0	0	47228	21031	0	0	0	0	0
73	12	15	12040	12040	21010	19879	34973	0	0	0	0	0
75	12	15	0	0	0	98596	31232	0	0	0	0	0
77	12	15	18779	18779	32774	21917	41946	0	0	0	0	0
78	12	15	0	0	0	80981	30172	0	0	0	0	0
80	12	15	16220	16220	28294	21796	37925	0	0	0	0	0
88	12	15	0	0	0	79200	42324	0	0	0	0	0
91	12	13	4249	4249	4553	6329	6633	0	0	0	0	0
92	12	15	15484	15484	26965	25017	31927	0	0	0	0	0
93	12	13	0	0	0	8112	4160	0	0	0	0	0
93	12	15	0	0	0	27683	11099	0	0	0	0	0
97	12	15	2700	2700	7466	6371	9210	0	0	0	0	0
99	12	15	0	0	0	15449	0	0	0	0	0	0
101	12	13	53533	53533	55024	64533	63384	0	0	0	0	0
106	12	9	834	834	0	834	0	0	0	0	0	0
106	12	15	82360	82360	143273	87383	148296	0	0	0	0	0
107	12	11	0	0	0	124107	67597	0	0	0	0	0
107	12	13	50196	50196	50813	67236	55073	0	0	0	0	0
108	12	15	0	0	0	18065	11235	0	0	0	0	0
108	12	11	0	0	0	415198	218762	0	0	0	0	0
108	12	13	0	0	0	34080	25560	0	0	0	0	0
109	12	9	15234	15234	0	47701	0	0	0	0	0	0
11	12	13	0	0	3805	0	3805	0	0	0	0	0
11	12	12	0	0	50230	0	50230	0	0	0	0	0
17	12	13	0	0	7618	0	7618	0	0	0	0	0
17	12	12	0	0	4214	0	4214	0	0	0	0	0
23	12	12	0	0	160435	0	160435	0	0	0	0	0
28	12	13	0	0	28040	0	28040	0	0	0	0	0
28	12	12	0	0	111603	0	111603	0	0	0	0	0
108	12	9	0	0	15234	0	15234	0	0	0	0	0
5	12	18	35880	35880	0	37193	1313	0	0	0	0	0
6	12	18	33331	33331	0	38676	5345	0	0	0	0	0
7	12	18	0	0	0	33848	14126	0	0	0	0	0
11	12	18	37022	37022	0	38682	1660	0	0	0	0	0
17	12	18	15439	15439	0	16269	830	0	0	0	0	0
19	12	18	0	0	0	2097	1878	0	0	0	0	0
23	12	18	55148	55148	0	59813	4665	0	0	0	0	0
26	12	18	0	0	0	21117	10436	0	0	0	0	0
28	12	18	48874	48874	0	54877	6003	0	0	0	0	0
30	12	18	0	0	0	33195	13269	0	0	0	0	0
32	12	18	9309	9309	0	9426	117	0	0	0	0	0
33	12	18	3167	3167	0	6681	3514	0	0	0	0	0
35	12	18	0	0	0	501	262	0	0	0	0	0
36	12	18	0	0	0	3853	786	0	0	0	0	0
38	12	18	38099	38099	0	39337	1237	0	0	0	0	0
41	12	18	0	0	0	3908	2768	0	0	0	0	0
45	12	18	18636	18636	0	20805	2168	0	0	0	0	0
47	12	18	0	0	0	9629	4907	0	0	0	0	0
51	12	18	13322	13322	0	15490	2168	0	0	0	0	0
55	12	18	0	0	0	9815	4907	0	0	0	0	0
58	12	18	102247	102247	0	109001	6754	0	0	0	0	0
62	12	18	0	0	0	14930	15108	0	0	0	0	0
68	12	18	6736	6736	0	7581	844	0	0	0	0	0
69	12	18	32001	32001	0	32587	586	0	0	0	0	0
70	12	18	0	0	0	17134	7630	0	0	0	0	0
73	12	18	4368	4368	0	7212	5066	0	0	0	0	0
75	12	18	0	0	0	35771	11331	0	0	0	0	0
77	12	18	6813	6813	0	7951	3328	0	0	0	0	0
78	12	18	0	0	0	29380	10946	0	0	0	0	0
80	12	18	5885	5885	0	7908	3494	0	0	0	0	0
88	12	18	0	0	0	28734	15355	0	0	0	0	0
92	12	18	5618	5618	0	9076	1800	0	0	0	0	0
93	12	18	0	0	0	10043	4027	0	0	0	0	0
97	12	18	979	979	0	2311	633	0	0	0	0	0
99	12	18	0	0	0	5605	0	0	0	0	0	0
106	12	18	29880	29880	0	31702	1822	0	0	0	0	0
108	12	18	0	0	0	6554	4076	0	0	0	0	0
5	12	17	37738	37738	0	39119	1381	0	0	0	0	0
6	12	17	35057	35057	0	40679	5622	0	0	0	0	0
7	12	17	0	0	0	35600	14858	0	0	0	0	0
11	12	17	38939	38939	0	40685	1746	0	0	0	0	0
17	12	17	16239	16239	0	17112	873	0	0	0	0	0
19	12	17	0	0	0	2205	1976	0	0	0	0	0
23	12	17	58003	58003	0	62910	4907	0	0	0	0	0
26	12	17	0	0	0	22210	10976	0	0	0	0	0
28	12	17	51405	51405	0	57718	6313	0	0	0	0	0
30	12	17	0	0	0	34913	13956	0	0	0	0	0
32	12	17	9791	9791	0	9914	123	0	0	0	0	0
33	12	17	3331	3331	0	7027	3696	0	0	0	0	0
35	12	17	0	0	0	527	276	0	0	0	0	0
36	12	17	0	0	0	4052	827	0	0	0	0	0
38	12	17	40072	40072	0	41373	1302	0	0	0	0	0
41	12	17	0	0	0	4110	2911	0	0	0	0	0
45	12	17	19601	19601	0	21882	2281	0	0	0	0	0
47	12	17	0	0	0	10128	5161	0	0	0	0	0
51	12	17	14012	14012	0	16292	2281	0	0	0	0	0
55	12	17	0	0	0	10323	5161	0	0	0	0	0
58	12	17	107540	107540	0	114644	7104	0	0	0	0	0
62	12	17	0	0	0	15703	15890	0	0	0	0	0
68	12	17	7085	7085	0	7973	888	0	0	0	0	0
69	12	17	33658	33658	0	34274	616	0	0	0	0	0
70	12	17	0	0	0	18022	8025	0	0	0	0	0
73	12	17	4594	4594	0	7585	5328	0	0	0	0	0
75	12	17	0	0	0	37623	11918	0	0	0	0	0
77	12	17	7166	7166	0	8363	3500	0	0	0	0	0
78	12	17	0	0	0	30901	11513	0	0	0	0	0
80	12	17	6189	6189	0	8317	3675	0	0	0	0	0
88	12	17	0	0	0	30221	16150	0	0	0	0	0
92	12	17	5909	5909	0	9546	1893	0	0	0	0	0
93	12	17	0	0	0	10563	4235	0	0	0	0	0
97	12	17	1030	1030	0	2431	665	0	0	0	0	0
99	12	17	0	0	0	5895	0	0	0	0	0	0
106	12	17	31427	31427	0	33344	1917	0	0	0	0	0
108	12	17	0	0	0	6893	4287	0	0	0	0	0
5	12	16	64303	64303	65888	67173	68758	0	0	0	0	0
6	12	16	89411	89411	73589	101340	85517	0	0	0	0	0
7	12	16	0	0	235	68875	28675	0	0	0	0	0
11	12	16	49539	49539	57102	51760	59323	0	0	0	0	0
12	12	16	8822	8822	0	8822	0	0	0	0	0	0
13	12	16	1059	1059	0	1059	0	0	0	0	0	0
16	12	16	6885	6885	5825	44177	21131	0	0	0	0	0
17	12	16	20660	20660	23425	21770	24535	0	0	0	0	0
18	12	16	1946	1946	0	1946	0	0	0	0	0	0
19	12	16	0	0	0	2806	2513	0	0	0	0	0
23	12	16	73793	73793	94151	80035	100394	0	0	0	0	0
25	12	16	24869	24869	0	24869	0	0	0	0	0	0
26	12	16	0	0	0	28256	13964	0	0	0	0	0
28	12	16	65399	65399	85004	73431	93036	0	0	0	0	0
29	12	16	27344	27344	0	27344	0	0	0	0	0	0
30	12	16	0	0	0	44418	17755	0	0	0	0	0
32	12	16	12457	12457	10605	12613	10762	0	0	0	0	0
33	12	16	4238	4238	3831	8940	8533	0	0	0	0	0
35	12	16	0	0	0	670	351	0	0	0	0	0
36	12	16	0	0	0	5156	1052	0	0	0	0	0
38	12	16	50981	50981	48428	52636	50084	0	0	0	0	0
41	12	16	0	0	0	46974	24576	0	0	0	0	0
42	12	16	92391	92391	92595	106445	103866	0	0	0	0	0
45	12	16	24937	24937	23535	27839	26437	0	0	0	0	0
47	12	16	0	0	0	96375	49007	0	0	0	0	0
48	12	16	89446	89446	85266	134530	128402	0	0	0	0	0
51	12	16	17826	17826	17725	20728	20626	0	0	0	0	0
52	12	16	29898	29898	28872	141218	74792	0	0	0	0	0
55	12	16	0	0	0	13133	6566	0	0	0	0	0
58	12	16	161395	161395	151754	178080	164567	0	0	0	0	0
62	12	16	0	0	0	309550	209437	0	0	0	0	0
63	12	16	570	570	645	11173	4820	0	0	0	0	0
64	12	16	21804	21804	22234	191567	73719	0	0	0	0	0
68	12	16	29704	29704	30153	34851	33464	0	0	0	0	0
69	12	16	44830	44830	46264	45613	47047	0	0	0	0	0
70	12	16	0	0	0	22927	10210	0	0	0	0	0
73	12	16	5845	5845	5695	9650	12473	0	0	0	0	0
75	12	16	0	0	0	47865	15162	0	0	0	0	0
77	12	16	9117	9117	9012	10640	13465	0	0	0	0	0
78	12	16	0	0	0	39313	14647	0	0	0	0	0
80	12	16	7874	7874	8270	10581	12945	0	0	0	0	0
88	12	16	0	0	0	38449	20547	0	0	0	0	0
91	12	16	1182	1182	1428	1761	2007	0	0	0	0	0
92	12	16	7517	7517	6882	12145	9291	0	0	0	0	0
93	12	16	0	0	0	15697	6546	0	0	0	0	0
97	12	16	1311	1311	1809	3093	2656	0	0	0	0	0
99	12	16	0	0	0	7500	0	0	0	0	0	0
101	12	16	14898	14898	15126	17960	17453	0	0	0	0	0
106	12	16	40215	40215	37265	42653	39703	0	0	0	0	0
107	12	16	13970	13970	12862	53251	32860	0	0	0	0	0
108	12	16	0	0	3520	133804	76970	0	0	0	0	0
109	12	16	4240	4240	0	13275	0	0	0	0	0	0
114	12	1	0	0	0	1306729	0	0	0	0	0	0
113	12	1	0	0	0	0	0	0	0	0	0	0
